PART 3.3: Word Error Rates 

There are 30 utterances. We report the 4 types of error rates for each,
as well as for the whole data set.

    #    SE        IE        DE        (SE + IE +DE)
    ------------------------------------------------
    1    0.1667    0         0         0.1667
    2    0.1250    0         0         0.1250
    3    0         0         0         0
    4    0.2222    0.1111    0         0.3333
    5    0.3846    0         0.1538    0.5385
    6    0.2857    0         0.1429    0.4286
    7    0.2308    0         0.0769    0.3077
    8    0.3000    0.2000    0.1000    0.6000
    9    0         0         0         0
   10    0.3000    0         0.1000    0.4000
   11    0.1667    0         0         0.1667
   12    0.3750    0.1250    0         0.5000
   13    0.2000    0         0.2000    0.4000
   14    0.1429    0.1429    0         0.2857
   15    0.2857    0         0.1429    0.4286
   16    0.4000    0         0.2000    0.6000
   17    0.1818    0         0         0.1818
   18    0.2727    0.0909    0.0909    0.4545
   19    0.1000    0         0         0.1000
   20    0         0         0         0
   21    0         0         0         0
   22    0.3333    0.1111    0         0.4444
   23    0.1818    0         0         0.1818
   24    0         0         0         0
   25    0         0         0         0
   26    0.1667    0         0         0.1667
   27    0.3333    0.1667    0.1667    0.6667
   28    0.1000    0         0.1000    0.2000
   29    0.6364    0.2727    0         0.9091
   30    0.3333    0         0         0.3333

  ALL    0.2154    0.0423    0.0500    0.3077
